3:2:3,4
14:9:14,15,16,17,254,370,371,581,582
18:20:18,20,2656,2657,2658,2659,2660,2661,2662,2663,2664,2665,2666,2667,2668,2669,2670,2671,2672,2673
19:20:19,21,2674,2675,2676,2677,2678,2679,2680,2681,2682,2683,2684,2685,2686,2687,2688,2689,2690,2691
22:20:22,23,24,25,26,27,28,29,30,31,32,33,34,35,572,573,574,575,622,692
36:20:36,37,38,39,40,41,42,43,44,45,46,47,48,49,546,547,548,549,623,2716
50:20:50,51,52,53,54,55,56,57,58,59,60,61,62,63,576,577,578,579,624,693
100:10:100,101,102,103,104,105,106,550,551,2654
107:10:107,108,109,110,111,112,113,552,553,2653
114:10:114,115,116,117,118,119,120,554,555,2655
121:10:121,122,123,124,125,126,127,556,557,2652
128:10:128,129,130,131,132,133,134,558,559,2651
135:10:135,136,137,138,139,140,141,560,561,2650
142:10:142,143,144,145,146,147,148,562,563,2645
149:2:2648,2649
151:2:2646,2647
153:10:153,154,155,156,157,158,159,564,565,2644
160:10:160,161,162,163,164,165,166,566,567,2643
167:2:167,168
169:10:169,170,171,172,173,174,175,568,569,2640
180:3:180,184,185
200:2:200,201
202:2:202,203
204:2:204,205
206:2:206,207
209:2:209,210
211:2:211,212
213:2:213,214
216:2:216,217
218:2:218,219
222:2:222,223
230:2:230,235
231:2:231,236
232:2:232,237
233:2:233,238
323:20:323,324,325,326,327,328,329,330,331,332,333,334,335,336,534,535,536,537,625,2857
337:20:337,338,339,340,341,342,343,344,345,346,347,348,349,350,538,539,540,541,626,2998
351:20:351,352,353,354,355,356,357,358,359,360,361,362,363,364,542,543,544,545,627,3139
428:20:428,432,433,434,435,436,437,438,439,440,441,442,443,444,522,523,524,525,628,2490
445:20:445,446,447,448,449,450,451,452,453,454,455,456,457,458,526,527,528,529,629,2208
459:20:459,460,461,462,463,464,465,466,467,468,469,470,471,472,530,531,532,533,630,2349
475:19:476,477,478,479,480,481,482,483,484,485,486,487,488,489,491,492,493,494,495
509:10:509,510,511,512,513,514,515,570,571,3280
647:3:647,648,649
948:1:948
1088:7:1088,1099,1110,1121,1132,1143,1154
1158:1:1158
1928:1:2692
1938:1:2702