1
1
1
1
1
1
1
1
1
1
2
2
2
2
2
2
2
2
2
2
3
3
3
3
3
3
3
3
3
3
5
5
5
5
5
5
5
5
5
5
6
6
6
6
6
6
6
6
6
6
7
7
7
7
7
7
7
7
7
7
8
8
8
8
8
8
8
8
8
8
9
9
9
9
9
9
9
9
9
9
10
10
10
10
10
10
10
10
10
10
11
11
11
11
11
11
11
11
11
11
12
12
12
12
12
12
12
12
12
12
13
13
13
13
13
13
13
13
13
13
14
14
14
14
14
14
14
14
14
14
18
18
18
18
18
18
18
18
18
18
19
19
19
19
19
19
19
19
19
19
22
22
22
22
22
22
22
22
22
22
36
36
36
36
36
36
36
36
36
36
50
50
50
50
50
50
50
50
50
50
66
66
66
66
66
66
66
66
66
66
67
67
67
67
67
67
67
67
67
67
68
68
68
68
68
68
68
68
68
68
69
69
69
69
69
69
69
69
69
69
70
70
70
70
70
70
70
70
70
70
71
71
71
71
71
71
71
71
71
71
72
72
72
72
72
72
72
72
72
72
73
73
73
73
73
73
73
73
73
73
74
74
74
74
74
74
74
74
74
74
75
75
75
75
75
75
75
75
75
75
76
76
76
76
76
76
76
76
76
76
77
77
77
77
77
77
77
77
77
77
79
79
79
79
79
79
79
79
79
79
80
80
80
80
80
80
80
80
80
80
81
81
81
81
81
81
81
81
81
81
82
82
82
82
82
82
82
82
82
82
83
83
83
83
83
83
83
83
83
83
84
84
84
84
84
84
84
84
84
84
85
85
85
85
85
85
85
85
85
85
86
86
86
86
86
86
86
86
86
86
87
87
87
87
87
87
87
87
87
87
88
88
88
88
88
88
88
88
88
88
89
89
89
89
89
89
89
89
89
89
90
90
90
90
90
90
90
90
90
90
91
91
91
91
91
91
91
91
91
91
92
92
92
92
92
92
92
92
92
92
93
93
93
93
93
93
93
93
93
93
94
94
94
94
94
94
94
94
94
94
95
95
95
95
95
95
95
95
95
95
99
99
99
99
99
99
99
99
99
99
100
100
100
100
100
100
100
100
100
100
107
107
107
107
107
107
107
107
107
107
114
114
114
114
114
114
114
114
114
114
121
121
121
121
121
121
121
121
121
121
128
128
128
128
128
128
128
128
128
128
135
135
135
135
135
135
135
135
135
135
142
142
142
142
142
142
142
142
142
142
149
149
149
149
149
149
149
149
149
149
151
151
151
151
151
151
151
151
151
151
153
153
153
153
153
153
153
153
153
153
160
160
160
160
160
160
160
160
160
160
167
167
167
167
167
167
167
167
167
167
169
169
169
169
169
169
169
169
169
169
177
177
177
177
177
177
177
177
177
177
178
178
178
178
178
178
178
178
178
178
179
179
179
179
179
179
179
179
179
179
180
180
180
180
180
180
180
180
180
180
190
190
190
190
190
190
190
190
190
190
191
191
191
191
191
191
191
191
191
191
192
192
192
192
192
192
192
192
192
192
193
193
193
193
193
193
193
193
193
193
194
194
194
194
194
194
194
194
194
194
195
195
195
195
195
195
195
195
195
195
196
196
196
196
196
196
196
196
196
196
197
197
197
197
197
197
197
197
197
197
198
198
198
198
198
198
198
198
198
198
200
200
200
200
200
200
200
200
200
200
202
202
202
202
202
202
202
202
202
202
204
204
204
204
204
204
204
204
204
204
206
206
206
206
206
206
206
206
206
206
208
208
208
208
208
208
208
208
208
208
209
209
209
209
209
209
209
209
209
209
211
211
211
211
211
211
211
211
211
211
213
213
213
213
213
213
213
213
213
213
215
215
215
215
215
215
215
215
215
215
216
216
216
216
216
216
216
216
216
216
218
218
218
218
218
218
218
218
218
218
220
220
220
220
220
220
220
220
220
220
221
221
221
221
221
221
221
221
221
221
222
222
222
222
222
222
222
222
222
222
224
224
224
224
224
224
224
224
224
224
225
225
225
225
225
225
225
225
225
225
226
226
226
226
226
226
226
226
226
226
227
227
227
227
227
227
227
227
227
227
228
228
228
228
228
228
228
228
228
228
229
229
229
229
229
229
229
229
229
229
230
230
230
230
230
230
230
230
230
230
231
231
231
231
231
231
231
231
231
231
232
232
232
232
232
232
232
232
232
232
233
233
233
233
233
233
233
233
233
233
240
240
240
240
240
240
240
240
240
240
241
241
241
241
241
241
241
241
241
241
242
242
242
242
242
242
242
242
242
242
243
243
243
243
243
243
243
243
243
243
244
244
244
244
244
244
244
244
244
244
245
245
245
245
245
245
245
245
245
245
246
246
246
246
246
246
246
246
246
246
248
248
248
248
248
248
248
248
248
248
249
249
249
249
249
249
249
249
249
249
250
250
250
250
250
250
250
250
250
250
251
251
251
251
251
251
251
251
251
251
252
252
252
252
252
252
252
252
252
252
253
253
253
253
253
253
253
253
253
253
256
256
256
256
256
256
256
256
256
256
257
257
257
257
257
257
257
257
257
257
258
258
258
258
258
258
258
258
258
258
259
259
259
259
259
259
259
259
259
259
260
260
260
260
260
260
260
260
260
260
261
261
261
261
261
261
261
261
261
261
262
262
262
262
262
262
262
262
262
262
263
263
263
263
263
263
263
263
263
263
264
264
264
264
264
264
264
264
264
264
265
265
265
265
265
265
265
265
265
265
266
266
266
266
266
266
266
266
266
266
267
267
267
267
267
267
267
267
267
267
270
270
270
270
270
270
270
270
270
270
271
271
271
271
271
271
271
271
271
271
272
272
272
272
272
272
272
272
272
272
273
273
273
273
273
273
273
273
273
273
274
274
274
274
274
274
274
274
274
274
275
275
275
275
275
275
275
275
275
275
276
276
276
276
276
276
276
276
276
276
277
277
277
277
277
277
277
277
277
277
278
278
278
278
278
278
278
278
278
278
279
279
279
279
279
279
279
279
279
279
280
280
280
280
280
280
280
280
280
280
281
281
281
281
281
281
281
281
281
281
282
282
282
282
282
282
282
282
282
282
283
283
283
283
283
283
283
283
283
283
284
284
284
284
284
284
284
284
284
284
285
285
285
285
285
285
285
285
285
285
286
286
286
286
286
286
286
286
286
286
287
287
287
287
287
287
287
287
287
287
288
288
288
288
288
288
288
288
288
288
289
289
289
289
289
289
289
289
289
289
290
290
290
290
290
290
290
290
290
290
291
291
291
291
291
291
291
291
291
291
292
292
292
292
292
292
292
292
292
292
293
293
293
293
293
293
293
293
293
293
294
294
294
294
294
294
294
294
294
294
295
295
295
295
295
295
295
295
295
295
296
296
296
296
296
296
296
296
296
296
297
297
297
297
297
297
297
297
297
297
299
299
299
299
299
299
299
299
299
299
300
300
300
300
300
300
300
300
300
300
301
301
301
301
301
301
301
301
301
301
302
302
302
302
302
302
302
302
302
302
303
303
303
303
303
303
303
303
303
303
304
304
304
304
304
304
304
304
304
304
305
305
305
305
305
305
305
305
305
305
306
306
306
306
306
306
306
306
306
306
307
307
307
307
307
307
307
307
307
307
308
308
308
308
308
308
308
308
308
308
309
309
309
309
309
309
309
309
309
309
310
310
310
310
310
310
310
310
310
310
311
311
311
311
311
311
311
311
311
311
312
312
312
312
312
312
312
312
312
312
313
313
313
313
313
313
313
313
313
313
314
314
314
314
314
314
314
314
314
314
315
315
315
315
315
315
315
315
315
315
316
316
316
316
316
316
316
316
316
316
317
317
317
317
317
317
317
317
317
317
318
318
318
318
318
318
318
318
318
318
319
319
319
319
319
319
319
319
319
319
320
320
320
320
320
320
320
320
320
320
321
321
321
321
321
321
321
321
321
321
322
322
322
322
322
322
322
322
322
322
323
323
323
323
323
323
323
323
323
323
337
337
337
337
337
337
337
337
337
337
351
351
351
351
351
351
351
351
351
351
365
365
365
365
365
365
365
365
365
365
366
366
366
366
366
366
366
366
366
366
367
367
367
367
367
367
367
367
367
367
372
372
372
372
372
372
372
372
372
372
373
373
373
373
373
373
373
373
373
373
374
374
374
374
374
374
374
374
374
374
375
375
375
375
375
375
375
375
375
375
376
376
376
376
376
376
376
376
376
376
377
377
377
377
377
377
377
377
377
377
378
378
378
378
378
378
378
378
378
378
379
379
379
379
379
379
379
379
379
379
380
380
380
380
380
380
380
380
380
380
381
381
381
381
381
381
381
381
381
381
382
382
382
382
382
382
382
382
382
382
383
383
383
383
383
383
383
383
383
383
384
384
384
384
384
384
384
384
384
384
385
385
385
385
385
385
385
385
385
385
386
386
386
386
386
386
386
386
386
386
387
387
387
387
387
387
387
387
387
387
388
388
388
388
388
388
388
388
388
388
389
389
389
389
389
389
389
389
389
389
390
390
390
390
390
390
390
390
390
390
391
391
391
391
391
391
391
391
391
391
392
392
392
392
392
392
392
392
392
392
393
393
393
393
393
393
393
393
393
393
394
394
394
394
394
394
394
394
394
394
395
395
395
395
395
395
395
395
395
395
396
396
396
396
396
396
396
396
396
396
397
397
397
397
397
397
397
397
397
397
398
398
398
398
398
398
398
398
398
398
399
399
399
399
399
399
399
399
399
399
428
428
428
428
428
428
428
428
428
428
445
445
445
445
445
445
445
445
445
445
459
459
459
459
459
459
459
459
459
459
473
473
473
473
473
473
473
473
473
473
474
474
474
474
474
474
474
474
474
474
475
475
475
475
475
475
475
475
475
475
505
505
505
505
505
505
505
505
505
505
506
506
506
506
506
506
506
506
506
506
507
507
507
507
507
507
507
507
507
507
508
508
508
508
508
508
508
508
508
508
509
509
509
509
509
509
509
509
509
509
516
516
516
516
516
516
516
516
516
516
517
517
517
517
517
517
517
517
517
517
518
518
518
518
518
518
518
518
518
518
519
519
519
519
519
519
519
519
519
519
520
520
520
520
520
520
520
520
520
520
521
521
521
521
521
521
521
521
521
521
580
580
580
580
580
580
580
580
580
580
583
583
583
583
583
583
583
583
583
583
584
584
584
584
584
584
584
584
584
584
585
585
585
585
585
585
585
585
585
585
586
586
586
586
586
586
586
586
586
586
587
587
587
587
587
587
587
587
587
587
588
588
588
588
588
588
588
588
588
588
589
589
589
589
589
589
589
589
589
589
590
590
590
590
590
590
590
590
590
590
591
591
591
591
591
591
591
591
591
591
592
592
592
592
592
592
592
592
592
592
593
593
593
593
593
593
593
593
593
593
594
594
594
594
594
594
594
594
594
594
595
595
595
595
595
595
595
595
595
595
596
596
596
596
596
596
596
596
596
596
597
597
597
597
597
597
597
597
597
597
598
598
598
598
598
598
598
598
598
598
599
599
599
599
599
599
599
599
599
599
600
600
600
600
600
600
600
600
600
600
601
601
601
601
601
601
601
601
601
601
602
602
602
602
602
602
602
602
602
602
603
603
603
603
603
603
603
603
603
603
604
604
604
604
604
604
604
604
604
604
605
605
605
605
605
605
605
605
605
605
606
606
606
606
606
606
606
606
606
606
607
607
607
607
607
607
607
607
607
607
608
608
608
608
608
608
608
608
608
608
609
609
609
609
609
609
609
609
609
609
610
610
610
610
610
610
610
610
610
610
611
611
611
611
611
611
611
611
611
611
612
612
612
612
612
612
612
612
612
612
613
613
613
613
613
613
613
613
613
613
614
614
614
614
614
614
614
614
614
614
615
615
615
615
615
615
615
615
615
615
616
616
616
616
616
616
616
616
616
616
617
617
617
617
617
617
617
617
617
617
618
618
618
618
618
618
618
618
618
618
619
619
619
619
619
619
619
619
619
619
620
620
620
620
620
620
620
620
620
620
621
621
621
621
621
621
621
621
621
621
631
631
631
631
631
631
631
631
631
631
632
632
632
632
632
632
632
632
632
632
633
633
633
633
633
633
633
633
633
633
634
634
634
634
634
634
634
634
634
634
635
635
635
635
635
635
635
635
635
635
636
636
636
636
636
636
636
636
636
636
637
637
637
637
637
637
637
637
637
637
638
638
638
638
638
638
638
638
638
638
639
639
639
639
639
639
639
639
639
639
640
640
640
640
640
640
640
640
640
640
641
641
641
641
641
641
641
641
641
641
642
642
642
642
642
642
642
642
642
642
643
643
643
643
643
643
643
643
643
643
644
644
644
644
644
644
644
644
644
644
645
645
645
645
645
645
645
645
645
645
646
646
646
646
646
646
646
646
646
646
647
647
647
647
647
647
647
647
647
647
650
650
650
650
650
650
650
650
650
650
651
651
651
651
651
651
651
651
651
651
652
652
652
652
652
652
652
652
652
652
653
653
653
653
653
653
653
653
653
653
654
654
654
654
654
654
654
654
654
654
655
655
655
655
655
655
655
655
655
655
656
656
656
656
656
656
656
656
656
656
657
657
657
657
657
657
657
657
657
657
658
658
658
658
658
658
658
658
658
658
659
659
659
659
659
659
659
659
659
659
660
660
660
660
660
660
660
660
660
660
661
661
661
661
661
661
661
661
661
661
662
662
662
662
662
662
662
662
662
662
663
663
663
663
663
663
663
663
663
663
664
664
664
664
664
664
664
664
664
664
665
665
665
665
665
665
665
665
665
665
666
666
666
666
666
666
666
666
666
666
667
667
667
667
667
667
667
667
667
667
668
668
668
668
668
668
668
668
668
668
669
669
669
669
669
669
669
669
669
669
670
670
670
670
670
670
670
670
670
670
671
671
671
671
671
671
671
671
671
671
672
672
672
672
672
672
672
672
672
672
673
673
673
673
673
673
673
673
673
673
674
674
674
674
674
674
674
674
674
674
675
675
675
675
675
675
675
675
675
675
676
676
676
676
676
676
676
676
676
676
677
677
677
677
677
677
677
677
677
677
678
678
678
678
678
678
678
678
678
678
679
679
679
679
679
679
679
679
679
679
680
680
680
680
680
680
680
680
680
680
681
681
681
681
681
681
681
681
681
681
682
682
682
682
682
682
682
682
682
682
683
683
683
683
683
683
683
683
683
683
684
684
684
684
684
684
684
684
684
684
685
685
685
685
685
685
685
685
685
685
686
686
686
686
686
686
686
686
686
686
687
687
687
687
687
687
687
687
687
687
688
688
688
688
688
688
688
688
688
688
689
689
689
689
689
689
689
689
689
689
690
690
690
690
690
690
690
690
690
690
691
691
691
691
691
691
691
691
691
691
694
694
694
694
694
694
694
694
694
694
695
695
695
695
695
695
695
695
695
695
696
696
696
696
696
696
696
696
696
696
697
697
697
697
697
697
697
697
697
697
698
698
698
698
698
698
698
698
698
698
700
700
700
700
700
700
700
700
700
700
701
701
701
701
701
701
701
701
701
701
702
702
702
702
702
702
702
702
702
702
703
703
703
703
703
703
703
703
703
703
704
704
704
704
704
704
704
704
704
704
705
705
705
705
705
705
705
705
705
705
706
706
706
706
706
706
706
706
706
706
707
707
707
707
707
707
707
707
707
707
708
708
708
708
708
708
708
708
708
708
709
709
709
709
709
709
709
709
709
709
710
710
710
710
710
710
710
710
710
710
711
711
711
711
711
711
711
711
711
711
712
712
712
712
712
712
712
712
712
712
713
713
713
713
713
713
713
713
713
713
714
714
714
714
714
714
714
714
714
714
715
715
715
715
715
715
715
715
715
715
716
716
716
716
716
716
716
716
716
716
717
717
717
717
717
717
717
717
717
717
718
718
718
718
718
718
718
718
718
718
719
719
719
719
719
719
719
719
719
719
720
720
720
720
720
720
720
720
720
720
721
721
721
721
721
721
721
721
721
721
722
722
722
722
722
722
722
722
722
722
723
723
723
723
723
723
723
723
723
723
724
724
724
724
724
724
724
724
724
724
725
725
725
725
725
725
725
725
725
725
726
726
726
726
726
726
726
726
726
726
727
727
727
727
727
727
727
727
727
727
728
728
728
728
728
728
728
728
728
728
729
729
729
729
729
729
729
729
729
729
730
730
730
730
730
730
730
730
730
730
731
731
731
731
731
731
731
731
731
731
732
732
732
732
732
732
732
732
732
732
733
733
733
733
733
733
733
733
733
733
734
734
734
734
734
734
734
734
734
734
735
735
735
735
735
735
735
735
735
735
736
736
736
736
736
736
736
736
736
736
737
737
737
737
737
737
737
737
737
737
738
738
738
738
738
738
738
738
738
738
739
739
739
739
739
739
739
739
739
739
740
740
740
740
740
740
740
740
740
740
741
741
741
741
741
741
741
741
741
741
742
742
742
742
742
742
742
742
742
742
743
743
743
743
743
743
743
743
743
743
744
744
744
744
744
744
744
744
744
744
745
745
745
745
745
745
745
745
745
745
746
746
746
746
746
746
746
746
746
746
747
747
747
747
747
747
747
747
747
747
748
748
748
748
748
748
748
748
748
748
749
749
749
749
749
749
749
749
749
749
750
750
750
750
750
750
750
750
750
750
751
751
751
751
751
751
751
751
751
751
752
752
752
752
752
752
752
752
752
752
753
753
753
753
753
753
753
753
753
753
754
754
754
754
754
754
754
754
754
754
755
755
755
755
755
755
755
755
755
755
756
756
756
756
756
756
756
756
756
756
757
757
757
757
757
757
757
757
757
757
758
758
758
758
758
758
758
758
758
758
761
761
761
761
761
761
761
761
761
761
762
762
762
762
762
762
762
762
762
762
763
763
763
763
763
763
763
763
763
763
764
764
764
764
764
764
764
764
764
764
765
765
765
765
765
765
765
765
765
765
766
766
766
766
766
766
766
766
766
766
767
767
767
767
767
767
767
767
767
767
768
768
768
768
768
768
768
768
768
768
769
769
769
769
769
769
769
769
769
769
770
770
770
770
770
770
770
770
770
770
771
771
771
771
771
771
771
771
771
771
772
772
772
772
772
772
772
772
772
772
773
773
773
773
773
773
773
773
773
773
774
774
774
774
774
774
774
774
774
774
775
775
775
775
775
775
775
775
775
775
778
778
778
778
778
778
778
778
778
778
779
779
779
779
779
779
779
779
779
779
780
780
780
780
780
780
780
780
780
780
781
781
781
781
781
781
781
781
781
781
782
782
782
782
782
782
782
782
782
782
783
783
783
783
783
783
783
783
783
783
784
784
784
784
784
784
784
784
784
784
785
785
785
785
785
785
785
785
785
785
946
946
946
946
946
946
946
946
946
946
947
947
947
947
947
947
947
947
947
947
948
948
948
948
948
948
948
948
948
948
1088
1088
1088
1088
1088
1088
1088
1088
1088
1088
1158
1158
1158
1158
1158
1158
1158
1158
1158
1158
1298
1298
1298
1298
1298
1298
1298
1298
1298
1298
1368
1368
1368
1368
1368
1368
1368
1368
1368
1368
1438
1438
1438
1438
1438
1438
1438
1438
1438
1438
1508
1508
1508
1508
1508
1508
1508
1508
1508
1508
1578
1578
1578
1578
1578
1578
1578
1578
1578
1578
1648
1648
1648
1648
1648
1648
1648
1648
1648
1648
1718
1718
1718
1718
1718
1718
1718
1718
1718
1718
1788
1788
1788
1788
1788
1788
1788
1788
1788
1788
1928
1928
1928
1928
1928
1928
1928
1928
1928
1928
1938
1938
1938
1938
1938
1938
1938
1938
1938
1938